#OUT: 12260 F /Users/Stephan_1/Dropbox/ScienceProjects/GeraldHeckel/fixed_del_3.txt
Mutations:
0 17215 m2 95236 -7.53358e-12 0.25 p1 66 4294
1 26629 m2 1557 -2.17167e-16 0.25 p1 102 4365
2 75081 m2 81406 -0.000166104 0.25 p1 288 4900
3 668738 m2 81510 -7.44682e-05 0.25 p1 2560 5261
4 49804 m2 99402 -3.88633e-07 0.25 p1 192 5633
5 441240 m2 67901 -1.05038e-05 0.25 p1 1690 5771
6 29387 m2 5164 -5.62942e-07 0.25 p1 113 7006
7 151365 m2 11614 -1.17687e-17 0.25 p1 580 7063
8 101050 m2 1926 -7.89472e-09 0.25 p1 389 7081
9 180553 m2 21422 -1.68064e-06 0.25 p1 693 7194
10 595477 m2 80687 -1.0918e-10 0.25 p1 2280 7219
11 35659 m2 81633 -1.15064e-07 0.25 p1 137 7297
12 1018519 m2 34081 -8.51714e-12 0.25 p1 3901 7600
13 1059621 m2 57282 -4.07998e-07 0.25 p1 4059 7686
14 267106 m2 56543 -0.000116408 0.25 p1 1023 8156
15 1118918 m2 42361 -4.39652e-05 0.25 p1 4287 8286
16 131733 m2 43925 -2.93239e-05 0.25 p1 506 8450
17 448315 m2 65692 -3.55507e-07 0.25 p1 1718 9112
18 463133 m2 19544 -2.57788e-12 0.25 p1 1774 9181
19 1153006 m2 49677 -2.02782e-07 0.25 p1 4417 9272
20 1234849 m2 78060 -5.18575e-13 0.25 p1 4729 9295
21 1004383 m2 84349 -1.55775e-05 0.25 p1 3847 9371
22 777198 m2 6316 -6.33107e-11 0.25 p1 2979 9566
23 302650 m2 43094 -1.64095e-07 0.25 p1 1160 9607
24 1370728 m2 25252 -9.26696e-10 0.25 p1 5248 9679
25 10835 m2 55305 -7.88014e-10 0.25 p1 42 10100
26 1239170 m2 35550 -7.70172e-09 0.25 p1 4745 10142
27 170112 m2 636 -5.61331e-06 0.25 p1 653 10178
28 1030557 m2 48707 -5.33817e-05 0.25 p1 3947 10256
29 168163 m2 97369 -2.92336e-14 0.25 p1 645 10349
30 1142105 m2 93213 -3.63591e-10 0.25 p1 4375 10480
31 1161419 m2 8344 -3.16107e-10 0.25 p1 4449 10482
32 1024888 m2 68419 -6.32062e-08 0.25 p1 3926 10541
33 1114160 m2 93038 -2.72149e-12 0.25 p1 4268 10570
34 332192 m2 4685 -0.000109574 0.25 p1 1272 10722
35 1246554 m2 68656 -1.70336e-12 0.25 p1 4774 10848
36 1789408 m2 89474 -6.59775e-05 0.25 p1 6854 11082
37 1370575 m2 80884 -2.11131e-07 0.25 p1 5248 11126
38 279237 m2 73161 -3.21368e-14 0.25 p1 1069 11352
39 1106490 m2 65497 -5.04548e-14 0.25 p1 4239 11401
40 470228 m2 51388 -9.28882e-05 0.25 p1 1801 11646
41 1546363 m2 8796 -3.69342e-09 0.25 p1 5922 11678
42 314507 m2 57662 -2.53729e-08 0.25 p1 1205 11781
43 911025 m2 3047 -3.81451e-05 0.25 p1 3490 12006
44 824330 m2 10873 -5.47574e-07 0.25 p1 3158 12013
45 1640891 m2 42881 -1.2242e-14 0.25 p1 6284 12015
46 1377833 m2 57316 -6.93179e-08 0.25 p1 5276 12018
47 264710 m2 61182 -5.60316e-06 0.25 p1 1014 12021
48 2225498 m2 85205 -4.70301e-09 0.25 p1 8525 12021
49 1318653 m2 11081 -0.000119975 0.25 p1 5049 12022
50 1804493 m2 31763 -1.01279e-07 0.25 p1 6912 12022
51 1303691 m2 31931 -4.81695e-08 0.25 p1 4991 12029
52 1225028 m2 66822 -8.37305e-08 0.25 p1 4691 12031
53 2097243 m2 78725 -5.98143e-05 0.25 p1 8033 12031
54 2586965 m2 40511 -4.17789e-07 0.25 p1 9907 12044
55 1521430 m2 7183 -2.56841e-14 0.25 p1 5826 12045
56 2443353 m2 27853 -2.42001e-13 0.25 p1 9358 12050
57 2145375 m2 1236 -0.000368969 0.25 p1 8217 12055
58 941184 m2 58595 -1.02113e-10 0.25 p1 3606 12058
59 775325 m2 55224 -3.31654e-07 0.25 p1 2972 12059
60 1232247 m2 22449 -3.82607e-08 0.25 p1 4719 12061
61 858194 m2 76210 -7.68069e-19 0.25 p1 3288 12063
62 1323297 m2 85744 -1.35083e-06 0.25 p1 5067 12064
63 2416827 m2 85003 -9.79534e-12 0.25 p1 9256 12070
64 1694848 m2 32558 -0.000488437 0.25 p1 6491 12077
65 1134145 m2 59221 -6.41979e-12 0.25 p1 4345 12080
66 1772090 m2 41426 -4.37934e-05 0.25 p1 6788 12081
67 626707 m2 86175 -9.06656e-06 0.25 p1 2399 12084
68 2561341 m2 25607 -3.14881e-05 0.25 p1 9810 12088
69 1015459 m2 74488 -1.6535e-07 0.25 p1 3889 12088
70 876882 m2 49662 -2.7575e-09 0.25 p1 3361 12091
71 2272935 m2 12937 -1.42222e-11 0.25 p1 8706 12093
72 1229518 m2 30539 -3.50015e-09 0.25 p1 4708 12093
73 1805952 m2 58383 -1.01917e-19 0.25 p1 6917 12093
74 1591349 m2 82686 -1.8343e-07 0.25 p1 6095 12096
75 2360933 m2 53384 -5.15778e-12 0.25 p1 9042 12102
76 2485935 m2 83275 -1.75741e-05 0.25 p1 9521 12103
77 319003 m2 69170 -5.52516e-05 0.25 p1 1222 12106
78 1856786 m2 2562 -3.19775e-09 0.25 p1 7111 12107
79 1137472 m2 72532 -1.19953e-05 0.25 p1 4357 12107
80 487774 m2 19425 -1.57231e-05 0.25 p1 1868 12108
81 499046 m2 3411 -1.3688e-06 0.25 p1 1912 12113
82 1127904 m2 55588 -6.06966e-09 0.25 p1 4321 12114
83 1366933 m2 47815 -0.000106641 0.25 p1 5234 12116
84 2467540 m2 66034 -7.2078e-09 0.25 p1 9451 12120
85 2828459 m2 3696 -0.0021197 0.25 p1 10834 12124
86 1781361 m2 14096 -8.83195e-07 0.25 p1 6823 12126
87 1317693 m2 29400 -1.8703e-05 0.25 p1 5045 12129
88 2408986 m2 99488 -2.35464e-07 0.25 p1 9226 12130
89 1315673 m2 32639 -0.000183362 0.25 p1 5037 12132
90 1066660 m2 80286 -3.73151e-06 0.25 p1 4086 12136
91 381416 m2 11986 -1.70261e-12 0.25 p1 1460 12140
92 1018999 m2 31588 -0.000259404 0.25 p1 3903 12140
93 1921219 m2 78648 -2.8641e-05 0.25 p1 7358 12143
94 1574742 m2 92703 -5.45937e-06 0.25 p1 6031 12143
95 2308408 m2 24024 -5.91692e-05 0.25 p1 8841 12148
96 1843041 m2 59613 -5.57894e-06 0.25 p1 7058 12151
97 104695 m2 98584 -3.07163e-05 0.25 p1 403 12152
98 2431782 m2 99023 -7.13573e-06 0.25 p1 9313 12156
99 1883647 m2 16156 -3.99508e-08 0.25 p1 7214 12158
100 2179935 m2 4541 -2.4652e-06 0.25 p1 8349 12159
101 2742740 m2 71663 -1.78908e-06 0.25 p1 10505 12159
102 2780657 m2 81430 -2.01195e-05 0.25 p1 10651 12159
103 2709362 m2 18210 -8.73551e-06 0.25 p1 10377 12168
104 25701 m2 67931 -3.88577e-07 0.25 p1 99 12170
105 2751988 m2 72251 -6.02274e-05 0.25 p1 10540 12170
106 164187 m2 10263 -2.96564e-20 0.25 p1 630 12172
107 1062286 m2 11170 -1.48437e-17 0.25 p1 4069 12172
108 1669754 m2 82072 -1.00723e-07 0.25 p1 6394 12177
109 2309765 m2 21138 -8.79941e-07 0.25 p1 8846 12178
110 2329705 m2 10354 -7.95783e-08 0.25 p1 8923 12187
111 2528133 m2 50326 -5.33546e-08 0.25 p1 9683 12188
112 2940672 m2 16854 -4.22349e-09 0.25 p1 11266 12189
113 26608 m2 75596 -1.6241e-05 0.25 p1 102 12193
114 2373650 m2 46688 -1.30549e-10 0.25 p1 9092 12195
115 1250896 m2 3120 -4.31908e-12 0.25 p1 4790 12198
116 1285323 m2 12527 -0.000518569 0.25 p1 4922 12199
117 1807754 m2 80004 -1.10098e-08 0.25 p1 6924 12200
118 957658 m2 60784 -4.31252e-08 0.25 p1 3668 12205
119 1987003 m2 41206 -9.59496e-16 0.25 p1 7609 12209
120 1489367 m2 8873 -3.32437e-06 0.25 p1 5703 12210
121 2916795 m2 29578 -0.000494343 0.25 p1 11174 12215
122 2251415 m2 10277 -5.58447e-08 0.25 p1 8624 12221
123 2995933 m2 76503 -5.32627e-09 0.25 p1 11478 12221
124 765101 m2 65809 -4.01757e-10 0.25 p1 2933 12225
125 2646755 m2 81163 -0.000109826 0.25 p1 10137 12225
126 1687316 m2 22181 -6.97366e-07 0.25 p1 6462 12228
127 1895186 m2 61732 -3.60341e-06 0.25 p1 7258 12231
128 2842934 m2 63984 -1.75904e-08 0.25 p1 10890 12236
129 2551293 m2 5071 -0.00211395 0.25 p1 9772 12239
130 856836 m2 33005 -2.86086e-06 0.25 p1 3283 12239
